chord_density: 0.40706606173624316
do_list: []
dont_list: []
ghost_note_prob: 0.10162208021763444
interplay_density: 0.5229448405041863
motif_reuse_weight: 0.7649784785442786
syncopation_target: 0.3939734538674504
