chord_density: 0.5297728737954716
do_list: []
dont_list: []
ghost_note_prob: 0.13626275468643287
interplay_density: 0.4952018776455552
motif_reuse_weight: 0.45957688199332536
syncopation_target: 0.3329072556215048
