chord_density: 0.40706606173624316
do_list: []
dont_list: []
ghost_note_prob: 0.11001843347190221
interplay_density: 0.4523198147987225
motif_reuse_weight: 0.6465213660553923
syncopation_target: 0.3930095899120659
