chord_density: 0.03796629204369989
do_list: []
dont_list: []
ghost_note_prob: 0.0
interplay_density: 0.6921508079175861
motif_reuse_weight: 0.9055420667711187
syncopation_target: 0.19250574738555043
