chord_density: 0.27933212594700446
do_list: []
dont_list:
- Minimize simultaneous melodic motion in sax/trumpet
ghost_note_prob: 0.04521083375984821
interplay_density: 0.6921508079175861
motif_reuse_weight: 0.7712605781246614
syncopation_target: 0.4223825072240852
