chord_density: 0.11319960491068604
do_list: []
dont_list:
- Minimize simultaneous melodic motion in sax/trumpet
ghost_note_prob: 0.054147181114573104
interplay_density: 0.6921508079175861
motif_reuse_weight: 0.9669813317024264
syncopation_target: 0.298610645932604
