chord_density: 0.5558576895768864
do_list: []
dont_list: []
ghost_note_prob: 0.0
interplay_density: 0.5764627378983042
motif_reuse_weight: 0.9238427461963291
syncopation_target: 0.5125334289572018
