chord_density: 0.0
do_list: []
dont_list: []
ghost_note_prob: 0.0
interplay_density: 0.6921508079175861
motif_reuse_weight: 0.866150233617746
syncopation_target: 0.1132310400457219
