chord_density: 0.5435803683870606
do_list: []
dont_list: []
ghost_note_prob: 0.14590398817636155
interplay_density: 0.4952018776455552
motif_reuse_weight: 0.3941417307072018
syncopation_target: 0.33644265418403285
