chord_density: 0.5584184528512994
do_list: []
dont_list: []
ghost_note_prob: 0.1690439851871359
interplay_density: 0.2850555000579451
motif_reuse_weight: 0.7059711340340604
syncopation_target: 0.5789718671675244
