chord_density: 0.8061204146634391
do_list: []
dont_list: []
ghost_note_prob: 0.23098164002860314
interplay_density: 0.23902275653201263
motif_reuse_weight: 0.5693094003821765
syncopation_target: 0.6486884770378154
