chord_density: 0.7288522224344446
do_list: []
dont_list: []
ghost_note_prob: 0.014785711970157794
interplay_density: 0.3393886709439686
motif_reuse_weight: 0.7015117304852646
syncopation_target: 0.26887392896495044
