chord_density: 0.7127522169306216
do_list: []
dont_list: []
ghost_note_prob: 0.08787232596643406
interplay_density: 0.600444112541635
motif_reuse_weight: 0.47503101170333334
syncopation_target: 0.48216108532856533
