chord_density: 0.09240274090295916
do_list: []
dont_list: []
ghost_note_prob: 0.0
interplay_density: 0.6060269793409904
motif_reuse_weight: 0.7867518952372927
syncopation_target: 0.1433997222124651
