chord_density: 0.5266625359461884
do_list: []
dont_list: []
ghost_note_prob: 0.0728570150381223
interplay_density: 0.4972842667783163
motif_reuse_weight: 0.6235653541135076
syncopation_target: 0.5400092106665
