chord_density: 0.3502646585659043
do_list: []
dont_list: []
ghost_note_prob: 0.1447294979830701
interplay_density: 0.5130746407766283
motif_reuse_weight: 0.654387601791768
syncopation_target: 0.4690172999164602
