chord_density: 0.5296829648952293
do_list: []
dont_list: []
ghost_note_prob: 0.18000658583856155
interplay_density: 0.5395805002713663
motif_reuse_weight: 0.7596640038215575
syncopation_target: 0.47330020612003376
