chord_density: 0.031071659618971542
do_list: []
dont_list: []
ghost_note_prob: 0.03621319810235082
interplay_density: 0.7767008366008749
motif_reuse_weight: 0.8959861075915869
syncopation_target: 0.10612947175420107
