chord_density: 0.17496331055304437
do_list: []
dont_list: []
ghost_note_prob: 0.1531803939327473
interplay_density: 0.7028179019348132
motif_reuse_weight: 0.5718779519520583
syncopation_target: 0.0
