chord_density: 0.7033322326431696
do_list: []
dont_list: []
ghost_note_prob: 0.18454837182082467
interplay_density: 0.34806066325872004
motif_reuse_weight: 0.505902740108719
syncopation_target: 0.29833627696729725
