chord_density: 0.5721707704275233
do_list: []
dont_list: []
ghost_note_prob: 0.1785927825231657
interplay_density: 0.3487129425036502
motif_reuse_weight: 0.5819102643473141
syncopation_target: 0.38660938141337026
