chord_density: 0.5954278346849977
do_list: []
dont_list: []
ghost_note_prob: 0.15141636836205796
interplay_density: 0.23293196583869297
motif_reuse_weight: 0.4528721188774959
syncopation_target: 0.3317274339617433
