chord_density: 0.5012216211994761
do_list:
- Create call-response between sax and trumpet
dont_list: []
ghost_note_prob: 0.10578557982947555
interplay_density: 0.7043397043740048
motif_reuse_weight: 0.7492549381227699
syncopation_target: 0.0
