chord_density: 0.2854082645210516
do_list: []
dont_list: []
ghost_note_prob: 0.0
interplay_density: 0.6671285675117782
motif_reuse_weight: 0.46928543906084763
syncopation_target: 0.5683473907563933
