chord_density: 0.5031565041359601
do_list: []
dont_list: []
ghost_note_prob: 0.0630822205433568
interplay_density: 0.4625764597753243
motif_reuse_weight: 0.7618499504181896
syncopation_target: 0.4254810977512171
