chord_density: 0.22166339173686292
do_list: []
dont_list: []
ghost_note_prob: 0.1693324549846948
interplay_density: 0.5956352064976554
motif_reuse_weight: 0.6032999394910251
syncopation_target: 0.0
