chord_density: 0.5266625359461884
do_list: []
dont_list: []
ghost_note_prob: 0.017380232116423693
interplay_density: 0.4345707226341895
motif_reuse_weight: 0.5227949146564193
syncopation_target: 0.5572880573692232
