chord_density: 0.5102990172523594
do_list: []
dont_list: []
ghost_note_prob: 0.13305683786108286
interplay_density: 0.6421741601177171
motif_reuse_weight: 1.0
syncopation_target: 0.5781648386853884
